G3dErrFileVersion 2018P3.1
FlagFileMetaData Begin
   Mesh Size - Setup1, Refinement, Pass #1, Freq. 1.000000e+10 :Title    
   Listing of mesh elements with poor quality. :ToolTip  
   hf3d :Author   
   1740400602 :TimeStamp
FlagFileMetaData End
BEGIN_ERR 
26 Small mesh segment detected on body : air
 Small mesh segment detected on body : air 
 Segment Statistics - Number of Segments : 1 --- Segment length(s) : 2.540000mm. The cutoff frequency for S-Matrix Only Solve is 4.99654096666667MHz 
3 -1  117  89  # nfids, fids[]
2 87  -1  # nbids, bids[]
      5 4 1 0 #ntets ntri ned npts
           0.0000000000000000e+00   5.5511151231257827e-17   0.0000000000000000e+00 #xyz tv0
           9.3039237700926980e-01   2.3281737496757522e+00   2.6102025272451179e+00 #xyz tv1
           0.0000000000000000e+00   2.5400000000000000e+00   0.0000000000000000e+00 #xyz tv2
           1.3864166666666700e+00   1.6462962962962999e+00   0.0000000000000000e+00 -1 87 #xyz tv3 fid bid
           0.0000000000000000e+00   5.5511151231257827e-17   0.0000000000000000e+00 #xyz tv0
           0.0000000000000000e+00   2.5400000000000000e+00   0.0000000000000000e+00 #xyz tv1
           1.2038255732683454e+00  -1.1636055596891541e+00  -1.0791524086354384e+01 #xyz tv2
           1.3864166666666700e+00   1.6462962962962999e+00   0.0000000000000000e+00 -1 87 #xyz tv3 fid bid
           0.0000000000000000e+00   5.5511151231257827e-17   0.0000000000000000e+00 #xyz tv0
          -4.6669273963816629e+00   1.0082855163631868e+00   3.1852148338546167e+00 #xyz tv1
           0.0000000000000000e+00   2.5400000000000000e+00   0.0000000000000000e+00 #xyz tv2
           9.3039237700926980e-01   2.3281737496757522e+00   2.6102025272451179e+00 -1 87 #xyz tv3 fid bid
           0.0000000000000000e+00   5.5511151231257827e-17   0.0000000000000000e+00 #xyz tv0
           1.2038255732683454e+00  -1.1636055596891541e+00  -1.0791524086354384e+01 #xyz tv1
           0.0000000000000000e+00   2.5400000000000000e+00   0.0000000000000000e+00 #xyz tv2
          -2.8574999999999999e+00   2.5400000000000000e+00   0.0000000000000000e+00 -1 87 #xyz tv3 fid bid
           0.0000000000000000e+00   5.5511151231257827e-17   0.0000000000000000e+00 #xyz tv0
           0.0000000000000000e+00   2.5400000000000000e+00   0.0000000000000000e+00 #xyz tv1
          -4.6669273963816629e+00   1.0082855163631868e+00   3.1852148338546167e+00 #xyz tv2
          -2.8574999999999999e+00   2.5400000000000000e+00   0.0000000000000000e+00 -1 87 #xyz tv3 fid bid
           0.0000000000000000e+00   5.5511151231257827e-17   0.0000000000000000e+00 #xyz tv0
           0.0000000000000000e+00   2.5400000000000000e+00   0.0000000000000000e+00 #xyz tv1
           1.3864166666666700e+00   1.6462962962962999e+00   0.0000000000000000e+00 117 -1 #xyz tv2 fid bid
           0.0000000000000000e+00   5.5511151231257827e-17   0.0000000000000000e+00 #xyz tv0
           0.0000000000000000e+00   2.5400000000000000e+00   0.0000000000000000e+00 #xyz tv1
           1.3864166666666700e+00   1.6462962962962999e+00   0.0000000000000000e+00 89 -1 #xyz tv2 fid bid
           0.0000000000000000e+00   2.5400000000000000e+00   0.0000000000000000e+00 #xyz tv0
           0.0000000000000000e+00   5.5511151231257827e-17   0.0000000000000000e+00 #xyz tv1
          -2.8574999999999999e+00   2.5400000000000000e+00   0.0000000000000000e+00 117 -1 #xyz tv2 fid bid
           0.0000000000000000e+00   2.5400000000000000e+00   0.0000000000000000e+00 #xyz tv0
           0.0000000000000000e+00   5.5511151231257827e-17   0.0000000000000000e+00 #xyz tv1
          -2.8574999999999999e+00   2.5400000000000000e+00   0.0000000000000000e+00 89 -1 #xyz tv2 fid bid
           0.0000000000000000e+00   5.5511151231257827e-17   0.0000000000000000e+00 #xyz ev0
           0.0000000000000000e+00   2.5400000000000000e+00   0.0000000000000000e+00 -1 87 #xyz ev1 fid bid
   0   0.000000000000e+00   0.000000000000e+00   0.000000000000e+00 #flag location
END_ERR 
G3dErrFileVersion 2018P3.1
FlagFileMetaData Begin
   Mesh Size - Setup1, Refinement, Pass #2, Freq. 1.000000e+10 :Title    
   Listing of mesh elements with poor quality. :ToolTip  
   hf3d :Author   
   1740400605 :TimeStamp
FlagFileMetaData End
BEGIN_ERR 
26 Small mesh segment detected on body : air
 Small mesh segment detected on body : air 
 Segment Statistics - Number of Segments : 1 --- Segment length(s) : 2.678446mm. The cutoff frequency for S-Matrix Only Solve is 4.99654096666667MHz 
3 -1  117  89  # nfids, fids[]
2 87  -1  # nbids, bids[]
      5 4 1 0 #ntets ntri ned npts
          -1.2183196674910014e-02   3.6351455643497753e-02   0.0000000000000000e+00 #xyz tv0
           1.0221757188717786e+00   2.3239179859624266e+00   2.3919573635767426e+00 #xyz tv1
          -5.0824331742747985e-03   2.7147880965131126e+00   0.0000000000000000e+00 #xyz tv2
           1.2113178854579130e+00   1.6074390865549923e+00   0.0000000000000000e+00 -1 87 #xyz tv3 fid bid
          -1.2183196674910014e-02   3.6351455643497753e-02   0.0000000000000000e+00 #xyz tv0
          -5.0824331742747985e-03   2.7147880965131126e+00   0.0000000000000000e+00 #xyz tv1
           1.2038255732683456e+00  -1.1636055596891541e+00  -1.0791524086354384e+01 #xyz tv2
           1.2113178854579130e+00   1.6074390865549923e+00   0.0000000000000000e+00 -1 87 #xyz tv3 fid bid
          -1.2183196674910014e-02   3.6351455643497753e-02   0.0000000000000000e+00 #xyz tv0
          -4.6669273963816629e+00   1.0082855163631868e+00   3.1852148338546167e+00 #xyz tv1
          -5.0824331742747985e-03   2.7147880965131126e+00   0.0000000000000000e+00 #xyz tv2
           1.0221757188717786e+00   2.3239179859624266e+00   2.3919573635767426e+00 -1 87 #xyz tv3 fid bid
          -1.2183196674910014e-02   3.6351455643497753e-02   0.0000000000000000e+00 #xyz tv0
           1.2038255732683456e+00  -1.1636055596891541e+00  -1.0791524086354384e+01 #xyz tv1
          -5.0824331742747985e-03   2.7147880965131126e+00   0.0000000000000000e+00 #xyz tv2
          -2.7562894849851882e+00   2.3424563625626527e+00   0.0000000000000000e+00 -1 87 #xyz tv3 fid bid
          -1.2183196674910014e-02   3.6351455643497753e-02   0.0000000000000000e+00 #xyz tv0
          -5.0824331742747985e-03   2.7147880965131126e+00   0.0000000000000000e+00 #xyz tv1
          -4.6669273963816629e+00   1.0082855163631868e+00   3.1852148338546167e+00 #xyz tv2
          -2.7562894849851882e+00   2.3424563625626527e+00   0.0000000000000000e+00 -1 87 #xyz tv3 fid bid
          -1.2183196674910014e-02   3.6351455643497753e-02   0.0000000000000000e+00 #xyz tv0
          -5.0824331742747985e-03   2.7147880965131126e+00   0.0000000000000000e+00 #xyz tv1
           1.2113178854579130e+00   1.6074390865549923e+00   0.0000000000000000e+00 117 -1 #xyz tv2 fid bid
          -1.2183196674910014e-02   3.6351455643497753e-02   0.0000000000000000e+00 #xyz tv0
          -5.0824331742747985e-03   2.7147880965131126e+00   0.0000000000000000e+00 #xyz tv1
           1.2113178854579130e+00   1.6074390865549923e+00   0.0000000000000000e+00 89 -1 #xyz tv2 fid bid
          -5.0824331742747985e-03   2.7147880965131126e+00   0.0000000000000000e+00 #xyz tv0
          -1.2183196674910014e-02   3.6351455643497753e-02   0.0000000000000000e+00 #xyz tv1
          -2.7562894849851882e+00   2.3424563625626527e+00   0.0000000000000000e+00 117 -1 #xyz tv2 fid bid
          -5.0824331742747985e-03   2.7147880965131126e+00   0.0000000000000000e+00 #xyz tv0
          -1.2183196674910014e-02   3.6351455643497753e-02   0.0000000000000000e+00 #xyz tv1
          -2.7562894849851882e+00   2.3424563625626527e+00   0.0000000000000000e+00 89 -1 #xyz tv2 fid bid
          -1.2183196674910014e-02   3.6351455643497753e-02   0.0000000000000000e+00 #xyz ev0
          -5.0824331742747985e-03   2.7147880965131126e+00   0.0000000000000000e+00 -1 87 #xyz ev1 fid bid
   0   0.000000000000e+00   0.000000000000e+00   0.000000000000e+00 #flag location
END_ERR 
